1111111
22222221111111
22222221111111
22222221111111
22222221111111
22222221111111
22222221111111
22222221111111
22222221111111
22222221111111
22222221111111
22222221111111
22222221111111
22222221111111
22222221111111
22222221111111
22222221111111
22222221111111
22222221111111
22222221111111
22222221111111
22222221111111
22222221111111
22222221111111
22222221111111
22222221111111
22222221111111
22222221111111
22222221111111
22222221111111
22222221111111
22222221111111
22222221111111
22222221111111
22222221111111
22222221111111
22222221111111
22222221111111
22222221111111
22222221111111
22222221111111
22222221111111
22222221111111
22222221111111
22222221111111
22222221111111
22222221111111
22222221111111
22222221111111
22222221111111
22222221111111
22222221111111
22222221111111
22222221111111
22222221111111
22222221111111
22222221111111
22222221111111
22222221111111
22222221111111
22222221111111
22222221111111
22222221111111
22222221111111
22222221111111
22222221111111
22222221111111
22222221111111
22222221111111
22222221111111
22222221111111
22222221111111
22222221111111
22222221111111
22222221111111
22222221111111
22222221111111
22222221111111
22222221111111
22222221111111
22222221111111
22222221111111
22222221111111
22222221111111
22222221111111
22222221111111
22222221111111
22222221111111
22222221111111
22222221111111
22222221111111
22222221111111
22222221111111
22222221111111
22222221111111
22222221111111
22222221111111
22222221111111
22222221111111
22222221111111
22222221111111
22222221111111
22222221111111
22222221111111
22222221111111
22222221111111
22222221111111
22222221111111
22222221111111
22222221111111
22222221111111
2222222
